	Active_A	Active_B	Active_C	Active_D	Active_E	Active_F	Active_G	Active_H	Active_I	Active_J	Active_K	Active_L	Active_M	Active_N	Active_O	Active_P	Active_Q	Active_R	Active_S	Active_T	Active_U	Active_V	Former_A	Former_B	Former_C	Former_D	Former_E	Former_F	Former_G	Former_H	Former_I	Former_J	Former_K	Former_L	Former_M	Former_N	Former_O	Former_P	Former_Q	Former_R	Former_S	Former_T	Former_U	Former_V	Former_X	Former_Y	Never_A	Never_B	Never_C	Never_D	Never_E	Never_F	Never_G	Never_H	Never_I
Acinetobacter.01	0.000632911	0.000555093	0.009370817	0.000231616	0.000747664	0.000230787	0	0.00073692	0.00130719	0.0001657	0	0.012133183	0	0	0	0	0.001459854	0	0.002228826	0.00082631	0.000860057	0.000437445	0.003215434	0	0.000467873	0	0.000763796	0.00071582	0.000494193	0	0	0	0	0.004731328	0	0.001052078	0	0	0.000415887	0.000408163	0	0.000371885	0.000441404	0.001776199	0.000692042	0	0.004453946	0.00183711	0	0.000226091	0.000547246	0.005670103	0	0	0.002287021
Acinetobacter.02	0.001265823	0	0.000308928	0.001273885	0.000373832	0.001384722	0	0.001965119	0.000735294	0.0003314	0	0	0	0.000212495	0.008645533	0	0	0	0.000742942	0.000495786	0	0	0	0	0.000155958	0	0	0	0	0.001980198	0	0	0.00317965	0	0	0.000526039	0	0	0.000415887	0.001768707	0.000956938	0.000185943	0.000220702	0.001776199	0.001384083	0.000816327	0.000356316	0.00122474	0	0.000452182	0.000547246	0	0	0	0
Actinomyces.01	0.007911392	0	0.00051488	0.012159815	0.035140187	0.000461574	0	0.046917219	0.009722222	0.006130903	0.011984021	0.005361174	0.00597213	0.010199745	0.007492795	0.030241935	0.013138686	0.007843137	0.001485884	0.039497604	0.0113036	0.007874016	0	0.023794212	0.007641921	0.002069822	0.000381898	0.004294918	0.001729676	0.001980198	0	0	0.011128776	0.005745184	0.006485084	0.007364545	0.019143577	0.001457726	0.011852776	0.008163265	0.009569378	0.022870956	0.008828073	0.007104796	0.006228374	0.007891156	0.000890789	0.006736069	0.001915709	0.05855754	0.018059103	0.006185567	0.00270636	0.032407407	0.008576329
Actinomyces.02	0.009810127	0	0.000720832	0.021540243	0.026168224	0.000461574	0.000227015	0.04470646	0.017892157	0.006793703	0.003994674	0.002539503	0.01128069	0.009562261	0.004034582	0.012096774	0.005839416	0.007843137	0	0.007932573	0.010320678	0.007874016	0	0.003344051	0.008421709	0	0.000190949	0.009305655	0.000494193	0	0.005141388	0	0.0063593	0.001013856	0.016861219	0.012624934	0.014105793	0.004373178	0.014140154	0.007346939	0.013397129	0.023800669	0.007503862	0.01598579	0.018685121	0.00952381	0.002137894	0.017146356	0	0.028261361	0.002553812	0.005154639	0.01217862	0.009259259	0.004002287
Alicyclobacillus.01	0.007594937	0.024701638	0.09823911	0.002895194	0.000747664	0	0.002951192	0.002947679	0.006535948	0.012427506	0.010652463	0.002539503	0.00199071	0.006162346	0.002305476	0	0.002919708	0.005882353	0.008172363	0.002974715	0.004300283	0.003499563	0	0.000514469	0.001715533	0	0	0.00071582	0.007659995	0.007920792	0.017994859	0.034862385	0.004769475	0.00168976	0.006485084	0.001578117	0.003526448	0.000728863	0.004366812	0.00122449	0	0.001859427	0.001986316	0.005328597	0.005536332	0.008435374	0.00249421	0.009185548	0.005747126	0.000678273	0	0.001546392	0.00405954	0	0.001143511
Anaerococcus.01	0.003481013	0	0.000411904	0.002895194	0.001495327	0	0	0.00049128	0.004166667	0.001491301	0	0	0	0.000424989	0	0	0	0	0	0.001156834	0.001228652	0.001312336	0	0	0.000155958	0.000689941	0.012411686	0.003579098	0	0	0	0	0	0	0.001945525	0.001052078	0.000755668	0	0.001559576	0.000680272	0.000956938	0.000185943	0.001544913	0	0.001384083	0.000816327	0.000534474	0.00061237	0.001915709	0.000452182	0	0	0.00135318	0	0
Anaerococcus.02	0	0	0	0.006137811	0.000747664	0	0	0.00024564	0.000245098	0	0	0	0.00132714	0.000637484	0.002305476	0	0	0	0	0.000330524	0.000368596	0.000437445	0	0	0.000467873	0	0	0	0	0.001980198	0	0	0	0.000675904	0.001297017	0.001052078	0	0	0.001143689	0.000272109	0	0	0.000220702	0	0	0.000544218	0	0.00061237	0	0.000452182	0.002553812	0	0.00541272	0	0
Atopobium.01	0.013924051	0	0.001647616	0.010885929	0.022056075	0.006231249	0.009761635	0.019896831	0.010866013	0.003479702	0.001331558	0.007336343	0.01061712	0.012537187	0.001152738	0.006048387	0.008759124	0.007843137	0.00371471	0.023797719	0.010689274	0.009186352	0	0.00244373	0.018402994	0.008969229	0	0.014316392	0.000247097	0.001980198	0.005141388	0.003669725	0.00317965	0.002027712	0.011024643	0.019989479	0.004030227	0.009475219	0.009357455	0.023401361	0.002870813	0.005113425	0.00728316	0.021314387	0.016608997	0.009795918	0	0.015309247	0.003831418	0.05335745	0.006019701	0.00257732	0.01217862	0.009259259	0.008004574
Atopobium.02	0	0	0.000205952	0.000463231	0.001121495	0.009462266	0	0	0.000408497	0.006130903	0	0	0	0.001274968	0	0	0	0	0	0.000330524	0	0.000874891	0	0	0.001091703	0.011866979	0	0.002147459	0.004941932	0.001980198	0	0.001834862	0	0	0.000648508	0.001052078	0.002015113	0	0.001247661	0.000272109	0	0	0.005076142	0.001776199	0.007612457	0.001088435	0	0.00122474	0.003831418	0	0	0	0.00135318	0	0
Bifidobacterium.01	0	0	0.000102976	0.000463231	0.000747664	0.004384953	0	0	8.17E-05	0	0	0	0.00066357	0	0	0	0	0	0	0.000165262	0	0	0	0	0.00062383	0.008555264	0	0	0.000988386	0	0	0	0	0.003041568	0	0	0	0.001457726	0.000207943	0.000136054	0	0	0.000441404	0	0.000692042	0	0	0.00061237	0	0	0	0	0	0	0
Bulleidia.01	0	0.000277546	0	0.000463231	0.002242991	0.000230787	0	0	0.000490196	0.0001657	0	0.000282167	0.00132714	0.000849979	0.002881844	0	0.002919708	0	0	0.000495786	0.000122865	0	0	0	0.000155958	0	0	0.00071582	0	0	0	0	0	0.001013856	0.000648508	0.000526039	0.01209068	0.010204082	0.000935745	0.000408163	0	0.009669022	0.003531229	0	0	0.001360544	0	0	0	0.000226091	0	0	0.00541272	0.001157407	0.001143511
Burkholderia.01	0	0.021093533	0.006590464	0.00671685	0.002242991	0.008077544	0.010669694	0.00049128	0.006862745	0.015907208	0.007989348	0.001410835	0.00398142	0.005099873	0.003458213	0.004032258	0.005839416	0.007843137	0.002228826	0.006279954	0.006757587	0.007874016	0.005512173	0.001157556	0.010761073	0.003035739	0.016230666	0.004294918	0.006177415	0.003960396	0.025706941	0.025688073	0.011128776	0.002703616	0.012970169	0.006838506	0.003778338	0.006559767	0.004366812	0.003945578	0.003827751	0.002975084	0.004193335	0.012433393	0.004152249	0.007891156	0.052200249	0.007960808	0.019157088	0.002487	0.006019701	0.007216495	0.00135318	0.010416667	0.004002287
C.Betaproteobacteria.01	0.00221519	0	0	0.001968732	0.001121495	0.000230787	0.00045403	0.00049128	0.000653595	0.0004971	0.011984021	0	0.00199071	0.004249894	0.014985591	0	0.00729927	0.003921569	0.015601783	0.000991572	0.0028259	0.002187227	0	0	0.000467873	0.000137988	0	0.003579098	0	0.001980198	0	0	0.017488076	0.009800608	0.005188067	0.000526039	0.001511335	0.005830904	0.001559576	0.000952381	0.002870813	0.00883228	0.00485544	0.008880995	0.002076125	0.001904762	0	0.003061849	0.001915709	0.000452182	0.02608537	0.008247423	0.00405954	0.002314815	0.005145798
C.Betaproteobacteria.02	0	0	0.000102976	0.000347423	0.000373832	0	0	0	0.000408497	0.0003314	0	0	0.00132714	0.000849979	0	0	0	0	0	0.00082631	0.000737191	0.000437445	0	0	0	0.000413964	0.011265992	0	0.00074129	0	0	0	0	0	0.000648508	0	0.000251889	0	0.000207943	0.000408163	0	0.000464857	0.000220702	0	0	0.000816327	0.001068947	0.00122474	0	0	0	0	0.00135318	0	0.000571755
C.Gammaproteobacteria.01	0.000949367	0	0.005045824	0.000347423	0.000373832	0.000461574	0.000681044	0.00049128	0.000245098	0.001491301	0.085219707	0.001410835	0.00331785	0.000424989	0.000576369	0	0.002919708	0	0	0	0.000860057	0.000437445	0	0	0.000155958	0	0	0	0.00074129	0	0	0	0	0.000337952	0	0.001052078	0	0	0.003119152	0.160952381	0.003827751	0.000557828	0.000220702	0.003552398	0	0.000816327	0.000356316	0.00122474	0	0	0.000182415	0.000515464	0	0	0
C.Gammaproteobacteria.02	0.004746835	0.010546767	0.003913088	0.004979734	0.000373832	0.007154396	0.024290579	0	0.004738562	0.007953604	0.001331558	0.006772009	0.00066357	0.002974926	0.00518732	0	0.001459854	0	0.001485884	0.001487357	0.000737191	0.003499563	0.001378043	0.000257235	0.006550218	0.000137988	0.000190949	0.003579098	0.005436126	0.001980198	0.010282776	0	0	0.00337952	0	0.002104156	0.000755668	0	0.001871491	0.002585034	0.001913876	9.30E-05	0.001986316	0	0.002076125	0.002176871	0.009798682	0.00061237	0	0.000226091	0.000729661	0.006701031	0	0	0.001143511
C.Gammaproteobacteria.03	0.00221519	0.006661116	0.00411904	0.003126809	0.000373832	0.006000462	0.015664018	0.00049128	0.004003268	0.004805302	0.002663116	0.003386005	0	0.001487463	0.001152738	0	0	0.003921569	0.000742942	0.001487357	0.000860057	0.000437445	0	0.000128617	0.001871491	0	0	0.003579098	0.002965159	0	0.010282776	0.003669725	0.00317965	0.001013856	0	0.002104156	0.002015113	0	0.001975463	0.002040816	0	9.30E-05	0.00242772	0	0.001384083	0.001904762	0.00498842	0.002449479	0.001915709	0.000226091	0.000547246	0.002061856	0	0	0
C.Gammaproteobacteria.04	0.003481013	0.004440744	0.002883328	0.00208454	0	0.001384722	0.007718502	0.00024564	0.001797386	0.003314002	0.00665779	0.004232506	0.00066357	0.002974926	0	0	0	0	0.001485884	0.001156834	0.001228652	0.000437445	0.002296739	0.000128617	0.001403618	0	0	0.00071582	0.001729676	0	0.002570694	0.003669725	0.001589825	0.008110848	0.002594034	0	0.000251889	0	0.002183406	0.001904762	0	9.30E-05	0.001544913	0.003552398	0.004152249	0.001088435	0.004275788	0	0	0	0.000729661	0.006701031	0.00135318	0	0
C.Gammaproteobacteria.05	0.000316456	0.000555093	0.000308928	0.004284887	0	0.004154166	0.003859251	0	0.001388889	0.0006628	0.001331558	0.007336343	0.00066357	0.000424989	0.000576369	0	0	0	0	0.000495786	0.002211574	0.000437445	0.003215434	0	0.001247661	0	0	0	0.000988386	0.001980198	0	0	0.001589825	0.002027712	0.001945525	0.002104156	0.000503778	0	0.000935745	0.000544218	0.002870813	0	0	0	0	0.000272109	0.006769998	0.003061849	0	0	0.000729661	0	0	0	0.001715266
C.Gammaproteobacteria.06	0.000316456	0.000555093	0.000617856	0.000347423	0	0.000692361	0.000908059	0	0.000490196	0.0006628	0.005326232	0.001410835	0.00066357	0.001487463	0.000576369	0	0	0	0	0.000330524	0.000491461	0.000437445	0.000918695	0	0.00062383	0	0	0	0	0	0.002570694	0	0	0.002027712	0.001297017	0.000526039	0.000251889	0	0.001559576	0.008435374	0	0	0	0	0.002076125	0.000544218	0.001068947	0	0	0	0.000182415	0	0	0	0
C.Gammaproteobacteria.07	0.000632911	0.000277546	0.000102976	0	0.000747664	0.000461574	0.000681044	0	0.001715686	0.001491301	0	0.000282167	0	0.001062473	0.006340058	0	0	0.005882353	0	0.000165262	0	0	0	0.000128617	0.001091703	0	0	0.00071582	0	0.001980198	0.002570694	0	0	0.00337952	0.001297017	0.001052078	0	0	0.002287378	0.000272109	0.000956938	0	0.001544913	0.005328597	0	0.000272109	0.000356316	0.003674219	0	0.000226091	0.00036483	0.003608247	0.00270636	0.002314815	0.002287021
C.Gammaproteobacteria.08	0	0.001942825	0.000102976	0.000810654	0	0.000461574	0	0	0.000245098	0.001988401	0.002663116	0.002539503	0.00132714	0.000849979	0	0	0.002919708	0	0.002971768	0.000991572	0	0.000437445	0.000918695	0.000128617	0.000467873	0	0	0	0.001976773	0.001980198	0	0.003669725	0.001589825	0.002703616	0	0	0.000251889	0	0.001559576	0.000680272	0	0	0.000220702	0	0	0.000816327	0.00249421	0.00122474	0	0	0.000182415	0.001546392	0	0	0
C.Gammaproteobacteria.09	0.001265823	0.000277546	0.000823808	0.00104227	0	0.000230787	0.001135074	0.00024564	0.00130719	0.001822701	0.002663116	0.000564334	0	0.000637484	0	0	0	0	0.001485884	0.000495786	0.00024573	0.000874891	0	0	0.000155958	0	0	0	0.000494193	0	0	0.003669725	0	0	0.000648508	0	0.000503778	0	0.001663548	0.000952381	0	0	0.001986316	0	0.001384083	0.000272109	0.001425263	0	0	0.000226091	0	0.000515464	0	0	0
C.Gammaproteobacteria.10	0.001898734	0.002220372	0.000720832	0.000926462	0	0.001153935	0.003178207	0.00024564	0.001143791	0.0009942	0	0	0	0.001699958	0	0	0	0	0.000742942	0.000165262	0.000491461	0	0	0	0.001247661	0	0	0	0.00148258	0.001980198	0.002570694	0.001834862	0	0	0.001945525	0	0.000251889	0	0.000311915	0.000544218	0	0	0.000220702	0	0.001384083	0.000544218	0.000890789	0	0	0	0	0	0	0	0
C.Gammaproteobacteria.11	0.000949367	0.001387732	0.001235712	0.000231616	0.000373832	0.000923148	0.000227015	0	0.000898693	0.0004971	0	0	0.00066357	0.000212495	0.000576369	0	0	0	0	0.000661048	0.000122865	0	0	0.000128617	0.000467873	0	0	0.00071582	0.001235483	0	0	0.001834862	0.001589825	0.001351808	0	0	0.000251889	0	0.000727802	0.001360544	0	0.000464857	0	0	0.000692042	0.001360544	0.000712631	0	0	0	0	0.001030928	0	0	0
Campylobacter.01	0.003797468	0	0.000102976	0.001852924	0.003738318	0.000230787	0	0.008351756	0.003921569	0.001657001	0	0.001693002	0.00464499	0.001699958	0.001152738	0	0.001459854	0.001960784	0.001485884	0.003139977	0.002334439	0.003062117	0	0.001157556	0.001247661	0	0.000381898	0.005726557	0	0	0	0	0	0.001013856	0.003242542	0.002630195	0.001259446	0	0.001247661	0.000952381	0	0.001859427	0.001103509	0.001776199	0.002076125	0.000816327	0.000178158	0.003061849	0.001915709	0.000678273	0.002006567	0	0	0.003472222	0.001715266
Capnocytophaga.01	0.000949367	0	0	0.000926462	0.000373832	0	0	0.001965119	0.000571895	0.0001657	0	0.001128668	0.00132714	0.002124947	0	0	0.004379562	0.003921569	0.000742942	0.003966287	0.001474383	0.001749781	0	0.011318328	0.00062383	0	0	0.00071582	0	0.001980198	0	0	0.004769475	0.002703616	0.003891051	0.002104156	0.000755668	0.002186589	0.001663548	0.000680272	0	0.001022685	0.000441404	0	0.002768166	0.00244898	0	0.00183711	0	0.000226091	0.000182415	0.000515464	0.00135318	0	0
Carnobacterium.01	0.001265823	0.013044685	0.004839872	0.002200347	0.001121495	0	0	0.00024564	0.003186275	0.003314002	0.005326232	0.002257336	0	0.001912452	0.001729107	0	0	0.003921569	0.002228826	0.000991572	0.001105787	0.001312336	0	0.000128617	0.001091703	0.000413964	0	0.003579098	0	0.003960396	0.020565553	0.009174312	0.00317965	0.004055424	0	0.000526039	0	0.001457726	0.000935745	0.000680272	0.002870813	0.0006508	0.001103509	0.001776199	0.001384083	0.001904762	0.00249421	0.00122474	0.009578544	0	0.000547246	0.001030928	0.00405954	0	0.000571755
Catonella.01	0.001582278	0	0	0.001389693	0.002242991	0	0	0.00098256	0.000980392	0.0003314	0.001331558	0	0.00066357	0.001274968	0.002881844	0	0.002919708	0.001960784	0	0.000495786	0.000368596	0.000874891	0	0.004630225	0	0	0	0.002147459	0	0	0	0	0.001589825	0.001351808	0.001297017	0.000526039	0.001763224	0.005102041	0.001455604	0.000816327	0.007655502	0.013573819	0.007503862	0	0.000692042	0.001088435	0	0.002449479	0	0.000226091	0.003648304	0	0.00541272	0.011574074	0.004574042
Chryseobacterium.01	0.000632911	0	0	0.005211349	0	0	0.001589103	0	0.000408497	0.0001657	0	0.007900677	0	0.000212495	0.001152738	0	0	0	0	0	0.000737191	0	0	0	0.000311915	0	0	0	0.003953546	0	0	0.001834862	0	0.000675904	0	0.000526039	0	0	0.001975463	0	0	0	0.000662105	0	0.000692042	0.000272109	0.009264208	0.00183711	0	0.000226091	0.000547246	0.001030928	0	0	0.000571755
Corynebacterium.01	0.029746835	0.018873161	0.003295232	0.001505501	0.001121495	0.000461574	0.016572077	0.00024564	0.003022876	0.004639602	0.005326232	0.002539503	0	0.003399915	0.002881844	0	0.033576642	0	0.005200594	0.00082631	0.000614326	0.001749781	0.003674782	0	0.004678727	0.000827929	0.032270384	0.004294918	0.002718063	0.007920792	0.007712082	0.00733945	0.001589825	0.000337952	0	0.000526039	0.001763224	0.002915452	0.001663548	0.00122449	0.000956938	0.000185943	0.004193335	0.003552398	0.001384083	0.001632653	0.001068947	0.003674219	0.005747126	0.005652272	0.002006567	0.004123711	0.00541272	0.00462963	0.001143511
Corynebacterium.02	0.006012658	0	0.000102976	0.000115808	0	0	0	0	0	0.001822701	0.001331558	0	0	0	0.000576369	0	0.001459854	0	0.00371471	0	0.000122865	0	0.050068902	0	0.001559576	0	0	0	0.000247097	0	0.002570694	0.001834862	0	0	0	0	0	0	0.000935745	0.001496599	0.001913876	0	0.001986316	0	0	0.000544218	0	0	0	0	0	0	0	0	0
Dolosigranulum.01	0	0	0	0.003126809	0.002616822	0	0	0.003930238	0.002696078	0.0008285	0	0	0.00199071	0.001062473	0.001152738	0	0.001459854	0.001960784	0	0.001322096	0.000982922	0.001749781	0	0.013376206	0.000935745	0	0	0.00071582	0	0.001980198	0	0	0.00317965	0.002027712	0.003891051	0.000526039	0	0.000728863	0.002599293	0.000816327	0	0	0.001103509	0	0.002768166	0.001904762	0	0.00122474	0.005747126	0.000678273	0	0	0	0	0.000571755
Dyella.01	0	0	0.000308928	0.000694847	0.001121495	0.001615509	0.000908059	0.00024564	0.000571895	0.003479702	0.003994674	0	0	0.001487463	0.001152738	0.004032258	0	0.001960784	0	0.000495786	0.000860057	0.003499563	0	0	0.001559576	0.004139644	0.016612564	0.001431639	0.00148258	0	0	0	0	0.00168976	0.001945525	0.001052078	0.000503778	0.000728863	0.00062383	0.000272109	0	0.000371885	0.002207018	0	0.003460208	0.001360544	0.000178158	0.00183711	0	0.000678273	0.000547246	0	0	0.001157407	0
Eubacterium.01	0.004113924	0	0	0.001389693	0	0	0	0.002702039	0.000653595	0.0003314	0	0.001693002	0.00132714	0.001912452	0.002881844	0	0	0.003921569	0	0.003470501	0.000982922	0.001312336	0	0.00488746	0.002495321	0	0	0.005010737	0	0	0	0	0	0.001351808	0.003891051	0.004208311	0.004282116	0	0.001247661	0.000544218	0	0.001580513	0.001544913	0.005328597	0.000692042	0.001632653	0	0.00122474	0.003831418	0.011982817	0.003101058	0.00257732	0	0.00462963	0
F.Alcaligenaceae.01	0.00664557	0.000832639	0.000411904	0.000810654	0.000373832	0.010385414	0.031328036	0.00024564	0.000898693	0.0006628	0	0.013544018	0.00132714	0.001487463	0.002881844	0.002016129	0.008759124	0.001960784	0.002971768	0.000495786	0.002703035	0.000874891	0	0	0.001715533	0.01407479	0.000381898	0.002863278	0.00074129	0	0	0	0	0.01182832	0.001297017	0.001052078	0.000503778	0	0.001559576	0.004081633	0.001913876	0.000557828	0.00485544	0	0.004844291	0.000544218	0	0.002449479	0.001915709	0	0.000182415	0.001030928	0.00947226	0	0.001715266
F.Burkholderiaceae.01	0	0.002497918	0.000720832	0.000231616	0	0.001153935	0	0	0.001062092	0.001657001	0	0.000846501	0	0.000212495	0.000576369	0	0	0	0	0.000661048	0.001474383	0	0.001378043	0	0.003119152	0.001655858	0.00572847	0	0.00074129	0.007920792	0	0.001834862	0	0.000675904	0.000648508	0	0	0	0.000415887	0.000408163	0.003827751	0	0	0.005328597	0.001384083	0.001088435	0.012114734	0	0	0	0.001094491	0	0	0	0
F.Burkholderiaceae.02	0	0.001942825	0.000308928	0.000231616	0.000373832	0.000692361	0	0	0.000980392	0.0006628	0	0.000846501	0	0.000424989	0	0	0	0	0	0.000330524	0.000860057	0	0.000459348	0	0.001403618	0.001103905	0.003246133	0	0.00074129	0	0	0.001834862	0	0	0.000648508	0.000526039	0.000503778	0	0.000311915	0	0	0	0	0	0.001384083	0.000544218	0.010154997	0	0	0	0.00036483	0.001546392	0	0	0
F.Carnobacteriaceae.01	0.000316456	0	0.000102976	0.003590041	0.002242991	0.003231018	0.003405221	0.003438958	0.002205882	0.002816901	0.005326232	0.007054176	0.00331785	0.002974926	0.012103746	0.002016129	0.00729927	0.011764706	0.010401189	0.003966287	0.003685957	0.003499563	0	0.008360129	0.004678727	0.012418932	0	0.005726557	0.000988386	0.011881188	0	0	0.012718601	0.00337952	0.005188067	0.005786428	0.011838791	0.029154519	0.003431067	0.004217687	0.001913876	0.014875418	0.009048775	0.008880995	0.005536332	0.003809524	0	0.003061849	0.011494253	0.002260909	0.012404232	0.011340206	0.0067659	0.012731481	0.002858776
F.Comamonadaceae.01	0.032911392	0.011934499	0.004324992	0.004169079	0.000747664	0.023771059	0.051986379	0.001719479	0.005147059	0.008782104	0.007989348	0.005079007	0.00464499	0.006374841	0.01037464	0	0.013138686	0.009803922	0.006686478	0.002644191	0.00540607	0.001312336	0.005512173	0.002958199	0.002963194	0.001931834	0.003437082	0.022190408	0.008895478	0.015841584	0.01285347	0.014678899	0.0063593	0.006421088	0.001945525	0.002104156	0.001007557	0	0.005718445	0.005714286	0.013397129	0.003161026	0.005958949	0.003552398	0.008304498	0.005714286	0.009798682	0.007348438	0.003831418	0.000678273	0.000182415	0.011340206	0.01217862	0.003472222	0.018867925
F.Comamonadaceae.02	0.002848101	0	0.000308928	0.001158078	0	0.000692361	0.002043133	0.00073692	0.000653595	0.0004971	0	0.00282167	0.00066357	0.001274968	0.001152738	0	0	0	0.002228826	0.001156834	0.004546013	0.005686789	0	0	0.000935745	0	0.008019859	0.002147459	0	0.001980198	0	0	0.001589825	0.000675904	0.001945525	0.006312467	0	0	0.000831774	0.000272109	0	0.000371885	0.000441404	0.003552398	0.000692042	0.000544218	0.000356316	0.002449479	0	0.000452182	0	0	0.00270636	0	0.003430532
F.Enterobacteriaceae.01	0.004746835	0.007771302	0.001750592	0.001505501	0.000373832	0.001153935	0.007264472	0.00049128	0.001552288	0.003645402	0.001331558	0	0.00066357	0.001062473	0.002305476	0.002016129	0.004379562	0	0	0.001817881	0.001597248	0.000437445	0.002756086	0.000257235	0.002183406	0.000137988	0.001527592	0.001431639	0.000247097	0.007920792	0.017994859	0.00733945	0.00317965	0	0	0	0.000251889	0	0.001351632	0.002585034	0.002870813	0.001580513	0.001103509	0.001776199	0.000692042	0.002176871	0.001068947	0.00061237	0	0	0	0.005670103	0	0	0.001715266
F.Erysipelotrichaceae.01	0	0.000277546	0	0	0	0.000923148	0	0	0.000816993	0.0003314	0	0	0	0	0	0.028225806	0	0	0	0	0	0.001312336	0	0	0	0.003449703	0.008783655	0	0.000247097	0	0	0	0	0	0	0	0	0	0	0	0.001913876	0	0	0	0	0.000272109	0	0	0	0	0	0	0.00135318	0	0
F.Neisseriaceae.01	0	0	0.000102976	0.000926462	0	0	0	0.00024564	0.002696078	0.001325601	0	0	0	0.001062473	0	0	0	0.001960784	0	0	0.000122865	0.000437445	0	0	0.000311915	0.000275976	0.006301318	0.005010737	0.00074129	0	0	0	0	0	0	0	0	0	0.000727802	0	0.000956938	0	0.000220702	0	0	0	0	0	0	0	0.00036483	0	0.00135318	0	0
F.Pasteurellaceae.01	0.015506329	0.007493755	0.008444033	0.013549508	0.007476636	0.001384722	0.000681044	0.005649718	0.011601307	0.005302403	0.066577896	0.023984199	0.01393497	0.012962176	0.025936599	0.036290323	0.023357664	0.047058824	0.046062407	0.013882003	0.010689274	0.012685914	0.000459348	0.011575563	0.016843419	0	0.003055184	0.015748031	0.001729676	0.00990099	0.007712082	0.00733945	0.042925278	0.025008449	0.011673152	0.022093635	0.029219144	0.096209913	0.013828239	0.01414966	0.021052632	0.039884716	0.035312293	0.008880995	0.008304498	0.01877551	0.000356316	0.023270055	0.024904215	0.126836988	0.05144108	0.009278351	0.027063599	0.064814815	0.034305317
F.Pasteurellaceae.02	0.004113924	0.001387732	0.000411904	0.012623046	0.013084112	0.004384953	0.000227015	0.019159912	0.007271242	0.007290804	0.025299601	0.001693002	0.01791639	0.014024649	0.02074928	0.006048387	0.013138686	0.007843137	0.016344725	0.006114692	0.010689274	0.008311461	0	0.015176849	0.005614473	0	0.000190949	0.006442377	0.001976773	0.075247525	0.002570694	0.003669725	0.034976153	0.003041568	0.009727626	0.006312467	0.016624685	0.023323615	0.007485964	0.003129252	0.010526316	0.019523987	0.021849481	0.01598579	0.007612457	0.006530612	0.002672368	0.014696877	0.12835249	0.002939182	0.00529004	0.012886598	0.01488498	0.003472222	0.018296169
F.Prevotellaceae.01	0.005696203	0.000277546	0.000411904	0.003474233	0.005607477	0	0.003178207	0.003438958	0.003594771	0.001325601	0.009320905	0.002257336	0.0066357	0.004887378	0.004034582	0	0.005839416	0.005882353	0.007429421	0.004131549	0.002703035	0.003499563	0	0.045530547	0.009513412	0	0	0.003579098	0	0.001980198	0	0	0.001589825	0.012842176	0.005836576	0.005260389	0.008312343	0.005102041	0.003223123	0.001360544	0	0.001673485	0.001986316	0	0.004152249	0.005986395	0.003384999	0.003674219	0.001915709	0.01537418	0.000729661	0.019072165	0.00947226	0	0.005717553
F.Prevotellaceae.02	0.000949367	0.011656953	0.002780352	0.005095541	0.001495327	0	0	0.001228199	0.001143791	0.003645402	0.009320905	0.001693002	0.00132714	0.003824904	0.003458213	0.002016129	0.001459854	0	0.002971768	0.006610478	0.001105787	0.004374453	0	0	0.000311915	0	0.000190949	0.002863278	0.005189029	0.005940594	0.005141388	0.003669725	0.004769475	0.001013856	0.003242542	0.003156234	0.004282116	0	0.001455604	0.00244898	0.003827751	0.002975084	0.004634738	0.003552398	0.003460208	0.005170068	0	0.003061849	0.003831418	0.004747909	0.002006567	0	0.00405954	0.00462963	0.002858776
F.Prevotellaceae.03	0.001582278	0.001110186	0.000926784	0.000926462	0.001121495	0	0	0.00098256	0.000490196	0.002982601	0.003994674	0.003668172	0.00132714	0.000849979	0	0	0.001459854	0	0	0.001487357	0.001597248	0.000437445	0	0	0.001715533	0	0	0.001431639	0.000494193	0.005940594	0	0	0	0	0	0.000526039	0.000755668	0	0.000311915	0.000408163	0	9.30E-05	0.000220702	0	0.000692042	0.001904762	0	0.00122474	0	0.000678273	0.000729661	0	0	0	0.000571755
F.Pseudomonadaceae.01	0.018987342	0.088259784	0.038204098	0.028604517	0.010093458	0.05585045	0.169125993	0.010316875	0.045833333	0.061474731	0.037283622	0.033577878	0.0199071	0.024649384	0.016714697	0.002016129	0.024817518	0.019607843	0.010401189	0.01536936	0.021132817	0.018810149	0.015158475	0.006945338	0.030723643	0.000137988	0.000381898	0.033643522	0.075364468	0.017821782	0.048843188	0.093577982	0.034976153	0.018925313	0.023346304	0.011046817	0.00906801	0.000728863	0.017675192	0.017006803	0.022966507	0.002603198	0.023835798	0.026642984	0.024221453	0.017687075	0.0612863	0.024494795	0.013409962	0.003617454	0.007114192	0.042783505	0.027063599	0.005787037	0.018296169
F.Pseudomonadaceae.02	0.002848101	0.012212046	0.006590464	0.005442965	0.001121495	0.005538888	0.019296254	0.001228199	0.007352941	0.011267606	0.005326232	0.00479684	0.00199071	0.005524862	0.000576369	0	0	0.001960784	0	0.002974715	0.003563091	0.002624672	0.001837391	0.000257235	0.004990643	0	0.000190949	0.008589835	0.008648382	0	0.010282776	0.00733945	0.004769475	0.004055424	0.003891051	0.003682272	0.003274559	0.001457726	0.006238303	0.007346939	0.000956938	0.000557828	0.005517546	0.005328597	0.005536332	0.004353741	0.015143417	0.005511329	0.001915709	0	0.001641737	0.012371134	0.00541272	0	0.004002287
F.Rhodocyclaceae.01	0	0	0.000102976	0	0	0	0.010215664	0	8.17E-05	0.0003314	0	0.008182844	0.00066357	0.000424989	0	0	0.004379562	0	0	0	0.00024573	0.000437445	0.003215434	0	0.000467873	0	0	0	0	0	0	0	0	0	0.000648508	0	0	0	0	0	0	0.000278914	0	0	0	0	0	0.00122474	0	0	0	0	0	0.001157407	0
F.Xanthomonadaceae.01	0.023417722	0.001942825	0.00102976	0.001158078	0.000747664	0.00761597	0.00476731	0.001473839	0.002205882	0.002319801	0	0.003950339	0.00066357	0.002549936	0.001152738	0	0.002919708	0.007843137	0.005943536	0.000330524	0.001842978	0.001312336	0.012402389	0.002057878	0.002183406	0.011177039	0.003437082	0.006442377	0.004694836	0	0.002570694	0	0.001589825	0.00506928	0.000648508	0.001578117	0.000503778	0.000728863	0.003119152	0.001496599	0.000956938	0.000557828	0.001986316	0	0.002768166	0.000816327	0.003384999	0.002449479	0.001915709	0.000452182	0.00036483	0.003608247	0	0.001157407	0.004574042
Fusobacterium.01	0.015189873	0.000277546	0.000308928	0.013896931	0.015700935	0.01915532	0.000227015	0.019405551	0.010866013	0.005302403	0.009320905	0.004514673	0.01592568	0.013387165	0.02074928	0.048387097	0.016058394	0.023529412	0.017087667	0.010080978	0.011426465	0.01399825	0.000459348	0.023665595	0.011696818	0.025941769	0	0.026485326	0	0.001980198	0.005141388	0	0.023847377	0.016897601	0.009079118	0.013150973	0.029219144	0.064139942	0.016531503	0.008707483	0.019138756	0.054760134	0.027146325	0.003552398	0.013148789	0.009251701	0.003919473	0.015309247	0.011494253	0.022609089	0.026450201	0.012886598	0.02165088	0.040509259	0.02915952
Fusobacterium.02	0.000949367	0.000277546	0.000411904	0.001621309	0.053831776	0.020078468	0	0.00049128	0.000326797	0.0008285	0	0	0.00199071	0.001912452	0	0	0	0	0	0.000165262	0.000614326	0.000437445	0	0	0.002027449	0.0081413	0	0.001431639	0.000247097	0	0	0	0	0	0.001297017	0.001052078	0.005541562	0.000728863	0.000415887	0.000272109	0	0	0.002207018	0	0.001384083	0.000816327	0	0.00122474	0.001915709	0	0	0	0	0	0
Gemella.01	0.001265823	0.000277546	0.000411904	0.002547771	0.006728972	0.002769444	0	0.002702039	0.001797386	0.0004971	0.002663116	0.001410835	0.00132714	0.000849979	0.005763689	0.004032258	0.004379562	0.011764706	0.007429421	0.001156834	0.002088709	0	0	0.000514469	0.001247661	0.005105561	0	0.005726557	0	0.001980198	0	0	0.004769475	0.00168976	0.002594034	0.001052078	0.007556675	0.016034985	0.001767519	0.001088435	0.002870813	0.01496839	0.002648422	0	0.002768166	0.001360544	0.000534474	0.00061237	0.001915709	0.000904364	0.002736228	0	0.01623816	0.008101852	0.010291595
Gp2.01	0	0.015542603	0.004736896	0.001158078	0.002242991	0.003461805	0.000227015	0.00024564	0.004820261	0.006959403	0.001331558	0	0.00331785	0.002762431	0.000576369	0	0.001459854	0.001960784	0.000742942	0.001817881	0.001105787	0.001312336	0	0.000128617	0.000779788	0.014212778	0.041054039	0.003579098	0.005436126	0.01980198	0.010282776	0.009174312	0	0.000337952	0	0.000526039	0.001763224	0	0.001455604	0.000408163	0.001913876	9.30E-05	0.003531229	0.001776199	0.002768166	0.000544218	0.003206841	0.00061237	0	0.000678273	0.00036483	0.002061856	0.00270636	0	0
Gp2.02	0.000949367	0.010824313	0.00308928	0.001852924	0.000747664	0.004154166	0	0.00049128	0.002859477	0.003976802	0.001331558	0.003386005	0.00132714	0.000849979	0.001152738	0	0.002919708	0	0	0.002313667	0.000982922	0.000437445	0	0	0.002807236	0.005519525	0.010120298	0	0.003459353	0.003960396	0.007712082	0.003669725	0	0.001351808	0.001297017	0.002630195	0.001259446	0	0.000727802	0.000544218	0.000956938	0.000185943	0.000882807	0.001776199	0.003460208	0.001904762	0.011936576	0.00183711	0.003831418	0.000452182	0.00036483	0.00257732	0	0	0.002287021
Lactobacillus.01	0.001265823	0.001942825	0.001853568	0.000463231	0.000747664	0	0.000227015	0	0.001470588	0.006130903	0	0	0.00132714	0.000424989	0.000576369	0	0	0	0	0.000165262	0.000737191	0.000437445	0	0.000128617	0	0	0	0.002863278	0.00222387	0	0.005141388	0	0	0	0	0.000526039	0.000755668	0.001457726	0.001039717	0.003537415	0.002870813	0.000464857	0.000220702	0.003552398	0	0	0.008907892	0.00061237	0	0.000452182	0.000182415	0	0	0	0.002287021
Marinobacter.01	0	0.000555093	0.000720832	0.001852924	0	0.001615509	0	0.00049128	0.000245098	0.002485501	0	0.003668172	0	0.001912452	0	0	0	0.001960784	0	0	0.000368596	0.000874891	0	0.000257235	0.000311915	0	0	0	0.00148258	0.001980198	0	0	0	0.00168976	0	0	0.001259446	0	0.001871491	0.001088435	0.001913876	0.0006508	0	0	0	0.000272109	0	0.00122474	0	0.000226091	0.00036483	0.003092784	0	0	0
Megasphaera.01	0.001898734	0	0	0.001273885	0.001495327	0	0	0.002456399	0.001470588	0.0004971	0	0	0.00265428	0.002337442	0.002881844	0.002016129	0	0.003921569	0	0.002478929	0.002211574	0.002624672	0	0	0.003431067	0	0	0	0	0	0	0	0	0.002027712	0.002594034	0.001578117	0.001007557	0	0.001247661	0.000544218	0.002870813	0.00139457	0.002648422	0.003552398	0.000692042	0.001360544	0.000178158	0.00122474	0	0.008365363	0.001641737	0.001030928	0	0.001157407	0
Metascardovia.01	0	0	0.000102976	0.000115808	0.001495327	0.006692823	0	0.00024564	0.000163399	0.0003314	0	0	0.00066357	0.000637484	0	0	0	0.001960784	0	0.000495786	0	0	0	0	0.001247661	0.016834552	0	0	0	0	0	0	0	0	0	0.000526039	0	0	0.000207943	0.000136054	0	0	0	0	0	0.000272109	0.000712631	0	0	0	0	0	0	0	0
Microbacterium.01	0.005379747	0.000277546	0	0.000926462	0	0	0.010669694	0.001228199	0.000653595	0.0004971	0.001331558	0.009875847	0.00066357	0.000424989	0	0	0.001459854	0.001960784	0	0.000495786	0.000982922	0	0.001378043	0.002958199	0.000935745	0	0	0.003579098	0	0.003960396	0	0	0.00317965	0	0	0.001578117	0	0.000728863	0.000415887	0.000408163	0	0.0006508	0.001103509	0.001776199	0.001384083	0.000272109	0.011045787	0.00122474	0.001915709	0	0.000912076	0.002061856	0	0	0.001715266
Mogibacterium.01	0.00664557	0	0.000102976	0.000810654	0.001121495	0	0	0.001719479	0.001062092	0.0006628	0.002663116	0.002539503	0.00199071	0.000849979	0.000576369	0	0	0.003921569	0.006686478	0.001652619	0.001351517	0.004811899	0	0.003086817	0.003742982	0	0	0.003579098	0	0	0	0	0	0	0.005836576	0.001578117	0.002015113	0.000728863	0.001663548	0.000408163	0	0.004183711	0.002869124	0	0.002076125	0.003537415	0	0.002449479	0	0.006330545	0.001824152	0.007216495	0.0067659	0.003472222	0
Mycoplasma.01	0	0	0	0.001158078	0.001869159	0	0	0.00024564	0.000326797	0.0003314	0	0.000564334	0	0.001062473	0.004034582	0.002016129	0.00729927	0.005882353	0.004457652	0.000330524	0.000982922	0.000437445	0	0.005530547	0.002027449	0	0.00190949	0.002147459	0	0	0	0	0	0	0.001297017	0.001578117	0.000251889	0.002186589	0.001559576	0.001768707	0.009569378	0.017106731	0.003310527	0.003552398	0.000692042	0.000544218	0	0.00061237	0.001915709	0	0	0.002061856	0	0.001157407	0.009148085
Neisseria.01	0.024050633	0.000277546	0.001647616	0.01806601	0.013084112	0.003461805	0.000908059	0.011790715	0.010212418	0.005799503	0.037283622	0.035835214	0.02521566	0.019974501	0.073775216	0.022177419	0.027737226	0.023529412	0.022288262	0.023962981	0.020395626	0.019247594	0.053284336	0.336205788	0.044135995	0.011591003	0.000190949	0.01932713	0.00148258	0.073267327	0.002570694	0	0.13354531	0.058465698	0.026588846	0.017359285	0.032241814	0.048833819	0.025577043	0.026666667	0.033492823	0.028077352	0.05782388	0.037300178	0.008304498	0.022312925	0.005166578	0.019595836	0.118773946	0.01266109	0.159795695	0.057731959	0.050067659	0.082175926	0.033733562
O.Actinomycetales.01	0.006329114	0	0.000102976	0.003358425	0.007102804	0.00992384	0	0.002947679	0.003104575	0.001491301	0.005326232	0.008182844	0.00199071	0.001912452	0.014409222	0.004032258	0.004379562	0.005882353	0.004457652	0.002478929	0.002088709	0.002624672	0	0	0.002183406	0.001103905	0.000190949	0.004294918	0.002718063	0.007920792	0	0.001834862	0.030206677	0.006421088	0.007133593	0.007364545	0.006297229	0.000728863	0.003223123	0.006394558	0.011483254	0.017943473	0.006179651	0.001776199	0.001384083	0.001360544	0.015677891	0.007348438	0.01532567	0.002939182	0.01587012	0.004123711	0.00541272	0.018518519	0.004002287
O.Actinomycetales.02	0.004113924	0.006938662	0.001956544	0.000694847	0.000373832	0	0.002724177	0.00024564	0.001062092	0.003148302	0.001331558	0.006489842	0	0.001062473	0	0	0.002919708	0	0.000742942	0.00082631	0.000614326	0.001312336	0	0.000128617	0.000467873	0	0	0.003579098	0.001729676	0	0.005141388	0.003669725	0	0.000337952	0	0.001052078	0.000755668	0	0.001351632	0.000408163	0	0.000371885	0.000882807	0.005328597	0.000692042	0	0.001959736	0	0.001915709	0.000226091	0.00036483	0	0.00405954	0	0
O.Actinomycetales.03	0.000316456	0	0.000205952	0.002547771	0.000747664	0.000923148	0.001589103	0.002456399	0.001552288	0.0004971	0.001331558	0.001128668	0.00132714	0.001274968	0.001152738	0	0	0	0	0.001156834	0.001105787	0.001749781	0.000459348	0.000514469	0.000311915	0.000137988	0	0	0.000494193	0	0	0	0.00317965	0.001351808	0.003891051	0	0	0	0.002287378	0.001088435	0.000956938	0	0.001765615	0	0.001384083	0.001904762	0.001603421	0.00122474	0.001915709	0.000226091	0.000729661	0.000515464	0	0	0
O.Actinomycetales.04	0	0	0.000102976	0.000231616	0.000373832	0	0	0.00098256	0.000163399	0	0	0	0	0.000424989	0.000576369	0	0.013138686	0	0	0	0	0	0	0.016720257	0.001091703	0	0	0	0	0.001980198	0	0	0.004769475	0	0	0	0	0	0	0.000408163	0	0	0.001103509	0	0	0.000544218	0	0	0.009578544	0	0	0	0	0	0
O.Bacteroidales.01	0	0	0.000102976	0.001273885	0.002616822	0.003000231	0	0.00049128	0.001633987	0.004805302	0	0	0.00199071	0.001062473	0.000576369	0.022177419	0.001459854	0	0.001485884	0.001156834	0.000737191	0.000874891	0	0	0.000311915	0.000275976	0.010120298	0.002147459	0.00222387	0	0	0	0.001589825	0	0.002594034	0.000526039	0.000755668	0.001457726	0.000831774	0.000952381	0	0.004462626	0.006400353	0	0.002768166	0.000544218	0.001603421	0.00183711	0.001915709	0.000226091	0.000729661	0	0.00135318	0.001157407	0.002287021
O.Bacteroidales.02	0	0	0	0.000115808	0	0	0	0	8.17E-05	0	0	0.000282167	0	0.000212495	0.001152738	0	0	0	0	0	0	0	0	0	0	0.000551953	0.014894023	0	0	0	0	0	0	0	0	0	0	0	0	0.000272109	0.000956938	0.000185943	0.000220702	0	0	0.000544218	0.000890789	0.00061237	0	0	0	0	0	0	0.000571755
O.Burkholderiales.01	0.006962025	0.000555093	0.000308928	0.001389693	0.000747664	0.004846527	0.003632236	0.00073692	0.001960784	0.002651201	0.003994674	0.000282167	0.00199071	0.002337442	0.00518732	0	0.001459854	0.074509804	0.000742942	0.001156834	0.003563091	0.002624672	0.01423978	0.001157556	0.002183406	0.011315027	0.027496658	0.001431639	0.001729676	0.001980198	0.007712082	0	0.001589825	0.001013856	0.002594034	0.001578117	0.001259446	0	0.002599293	0.00462585	0.001913876	0.000464857	0.004634738	0.001776199	0.005536332	0.002176871	0.018706574	0.00183711	0	0	0.001276906	0.011340206	0.00135318	0.001157407	0.002858776
O.Clostridiales.01	0	0	0.000411904	0.00104227	0.002242991	0.00992384	0	0	0.000408497	0.0003314	0.001331558	0	0.00132714	0.002762431	0.000576369	0.004032258	0.002919708	0	0.001485884	0.00082631	0.002211574	0	0	0.002700965	0.001871491	0.011866979	0	0	0	0.001980198	0	0	0	0.000675904	0	0.001052078	0.013602015	0.005830904	0.00239135	0.001768707	0.000956938	0.015805132	0.001324211	0.003552398	0	0.000544218	0	0.004898959	0.001915709	0.000226091	0.000182415	0.002061856	0.00135318	0.005787037	0.006861063
O.Clostridiales.02	0.003481013	0	0	0.002547771	0.002242991	0	0	0.004175878	0.001715686	0.001657001	0.001331558	0	0.00132714	0.001699958	0.001152738	0	0	0	0	0.003470501	0.000860057	0.002187227	0	0.00488746	0.001091703	0	0	0.00071582	0	0	0	0	0	0.01520784	0.003242542	0.001052078	0.001763224	0	0.003119152	0.000952381	0	0.001766456	0.001544913	0.005328597	0.000692042	0.000816327	0	0.003674219	0	0.000452182	0	0.006185567	0.00405954	0	0.002287021
O.Clostridiales.03	0.000316456	0	0	0.004284887	0.001869159	0	0	0.003930238	0.001388889	0.001159901	0	0	0.00066357	0.000212495	0.002881844	0.006048387	0	0	0.000742942	0.002313667	0.000491461	0.001312336	0	0.003086817	0.000467873	0	0	0.001431639	0	0	0	0	0.00317965	0	0.001945525	0.002104156	0.004534005	0.002186589	0.001767519	0.000952381	0.004784689	0.001952399	0.000662105	0	0	0.00244898	0.006769998	0.002449479	0	0.005652272	0.000912076	0	0	0	0.01086335
O.Clostridiales.04	0	0	0.000205952	0.003358425	0.002242991	0	0.000227015	0.003193319	0.002287582	0.001159901	0.002663116	0.001128668	0.00199071	0.002762431	0	0	0.001459854	0	0	0.001983143	0.001965843	0.000437445	0	0.002958199	0.00062383	0	0	0.002147459	0	0	0	0.001834862	0.004769475	0.000675904	0.003891051	0.003682272	0.001763224	0.002186589	0.000415887	0.000680272	0	0.001208628	0.000882807	0.001776199	0.001384083	0.001088435	0	0.003674219	0	0.002260909	0.002371397	0.004639175	0.00135318	0.008101852	0.002858776
O.Clostridiales.05	0	0	0	0.000347423	0	0	0	0	0.000163399	0	0.001331558	0	0	0.000424989	0.000576369	0	0.001459854	0.003921569	0.000742942	0	0.000614326	0	0	0.001157556	0.000311915	0	0	0.00071582	0	0	0	0	0	0	0.000648508	0.000526039	0	0	0.000207943	0	0.003827751	0.016641874	0.001103509	0	0	0	0	0.00061237	0.001915709	0.000452182	0	0	0	0	0.002858776
P.Firmicutes.01	0	0	0	0.001621309	0.001121495	0.000461574	0	0	0.002614379	0.001325601	0	0.001410835	0	0.000424989	0	0.006048387	0.001459854	0	0	0.000661048	0.000368596	0	0	0	0.000311915	0.000827929	0.016230666	0	0.000494193	0	0	0	0	0	0.000648508	0.001052078	0.001007557	0	0.000415887	0.000408163	0.002870813	0.000185943	0	0	0.000692042	0	0.001781578	0	0	0	0.00036483	0	0	0	0
Paracoccus.01	0.002848101	0	0.000308928	0.000694847	0.001121495	0	0.017480136	0.00024564	0.000898693	0	0	0.005361174	0.00066357	0	0.000576369	0	0	0	0.000742942	0.000165262	0.000614326	0	0.000918695	0	0.002339364	0	0	0	0	0.001980198	0	0	0	0	0	0.000526039	0	0	0.000311915	0	0	0	0	0	0	0.000544218	0.000178158	0	0	0	0	0.00257732	0.00135318	0	0.002287021
Parvimonas.01	0.001898734	0	0.000926784	0.007411697	0.032897196	0.036002769	0	0.00098256	0.00498366	0.003314002	0.005326232	0.007054176	0.01061712	0.005312367	0.010951009	0.052419355	0.00729927	0.007843137	0.012630015	0.001156834	0.001965843	0.001312336	0	0.055048232	0.00577043	0.073133711	0.000190949	0.001431639	0.000988386	0	0	0	0.011128776	0	0.001945525	0.00473435	0.043324937	0.047376093	0.006446247	0.002993197	0.01722488	0.050762365	0.01324211	0.007104796	0.003460208	0.004897959	0	0.009185548	0.003831418	0.001356545	0	0.008762887	0.01894452	0.002314815	0.01086335
Parvimonas.02	0.000949367	0	0	0.002547771	0.002242991	0.006000462	0	0.002456399	0.001960784	0.0008285	0.002663116	0.003103837	0.00265428	0.000212495	0.000576369	0	0	0.001960784	0	0.001156834	0.000860057	0.000874891	0	0.004758842	0.001715533	0.000137988	0	0	0	0.001980198	0	0.001834862	0.004769475	0.000337952	0.000648508	0.000526039	0.000755668	0	0.001247661	0.000408163	0.003827751	0.005485311	0.00485544	0.001776199	0	0.000816327	0	0.00122474	0.003831418	0.000904364	0.000729661	0	0.00135318	0.003472222	0.000571755
Parvimonas.03	0	0	0	0.00104227	0.000373832	0	0	0	0.000163399	0.0001657	0	0	0	0.000424989	0.000576369	0	0.001459854	0.001960784	0.004457652	0	0.00024573	0.000437445	0	0	0	0	0	0	0	0	0	0	0	0	0	0	0	0	0.000415887	0.000408163	0.001913876	0.010505764	0.004193335	0.001776199	0	0.000272109	0	0	0	0	0	0	0	0	0.005145798
Peptoniphilus.01	0.00664557	0.042464613	0.012048193	0.005211349	0.003364486	0	0	0.002456399	0.01127451	0.021375311	0.011984021	0.007900677	0.00530856	0.007224819	0.004034582	0.006048387	0.01459854	0	0.000742942	0.003966287	0.002948765	0.002624672	0	0.000385852	0.00452277	0.000137988	0	0.003579098	0.013343217	0.015841584	0.035989717	0.040366972	0.011128776	0.002027712	0.005836576	0.003682272	0.005541562	0	0.008005822	0.008979592	0.012440191	0.000743771	0.005517546	0.003552398	0.005536332	0.006802721	0	0.007348438	0.011494253	0.000226091	0.00036483	0.004123711	0.00811908	0	0.006289308
Peptoniphilus.02	0	0	0.000102976	0.000694847	0	0.003461805	0	0.00024564	0.000653595	0.0003314	0	0	0.00066357	0.000212495	0	0	0	0	0	0.000495786	0.000491461	0	0	0	0	0.009521181	0	0	0	0	0	0.001834862	0	0	0	0	0.004282116	0	0.000519859	0.000544218	0	0	0	0	0	0.000272109	0	0.00061237	0	0	0	0	0	0	0
Peptoniphilus.03	0	0.000277546	0	0.000463231	0.000747664	0.002077083	0	0.00049128	0.000245098	0.0003314	0	0	0.00132714	0.000424989	0.001152738	0	0	0	0	0	0.00024573	0	0	0	0.000155958	0.007037395	0	0	0	0	0	0	0	0	0	0.001052078	0.004030227	0	0.000207943	0.000544218	0	0	0.000220702	0	0	0	0	0.00061237	0	0	0	0	0	0	0
Peptostreptococcus.01	0.007594937	0.001387732	0.001441664	0.026056746	0.023551402	0.032079391	0	0.006632277	0.012091503	0.015078708	0.009320905	0.007336343	0.00597213	0.010199745	0.002881844	0.076612903	0.005839416	0.001960784	0.015601783	0.004792596	0.005528935	0.003062117	0	0.015562701	0.0154398	0.058644957	0.000190949	0.007158196	0.006918705	0	0	0.001834862	0.011128776	0.01520784	0.00843061	0.006312467	0.018387909	0	0.008629653	0.01170068	0.004784689	0.015061361	0.011255793	0.005328597	0.004152249	0.00462585	0.006948156	0.011022658	0	0.02034818	0.019153594	0.005154639	0.00405954	0.013888889	0.010291595
Porphyromonas.01	0.002848101	0	0.000411904	0.005211349	0.002990654	0.010846988	0	0.003193319	0.002859477	0.001491301	0.003994674	0.005361174	0.00398142	0.005737357	0.002881844	0.004032258	0.00729927	0.001960784	0.00371471	0.006279954	0.003808822	0.008311461	0	0.014790997	0.006862133	0	0	0.002147459	0.00148258	0.037623762	0	0.001834862	0.022257552	0.017573505	0.007133593	0.006838506	0.005541562	0.024781341	0.007901851	0.008979592	0.003827751	0.003997769	0.010593688	0.001776199	0.006228374	0.00707483	0	0.003674219	0.026819923	0.002713091	0.039036848	0.004639175	0.00135318	0	0.014293882
Porphyromonas.02	0	0	0	0.000926462	0.006728972	0	0	0.00073692	0.000571895	0.0001657	0.005326232	0	0.00530856	0.001487463	0.004034582	0.159274194	0.002919708	0.001960784	0.008915305	0.000495786	0.000122865	0.001312336	0	0.000514469	0.000467873	0	0	0	0	0	0	0	0	0	0.000648508	0.005786428	0.003526448	0	0.002703265	0.000408163	0.002870813	0.028449238	0.003751931	0.001776199	0.000692042	0.001632653	0	0.00122474	0	0.004974	0	0	0.00270636	0.009259259	0.002858776
Porphyromonas.03	0.002531646	0	0.000102976	0.000579039	0.002242991	0	0	0.00073692	0.000163399	0.0001657	0	0	0.00398142	0.000849979	0.000576369	0.016129032	0	0	0.009658247	0.000330524	0.001105787	0.000437445	0	0.001672026	0.000155958	0.000137988	0	0.004294918	0	0	0	0	0	0	0.002594034	0.001052078	0.005541562	0.002915452	0.001143689	0.000136054	0.001913876	0.006507996	0.000662105	0	0.000692042	0.001088435	0.000534474	0.00061237	0	0.001130454	0	0.000515464	0.00541272	0.001157407	0.000571755
Prevotella.01	0.038291139	0.036081044	0.031922562	0.072148234	0.124859813	0.003461805	0.004086266	0.211004667	0.094199346	0.074730737	0.023968043	0.017776524	0.072992701	0.080747981	0.010951009	0.024193548	0.030656934	0.01372549	0.023031204	0.126425384	0.062292665	0.049868766	0	0.008231511	0.055364941	0.006209466	0	0.050823193	0.040276748	0.023762376	0.015424165	0.023853211	0.014308426	0.041906049	0.059662776	0.073119411	0.047607053	0.004373178	0.054377209	0.046938776	0.021052632	0.032354035	0.03376738	0.065719361	0.076124567	0.064761905	0.00748263	0.070422535	0.005747126	0.11440199	0.040678584	0.038659794	0.025710419	0.037037037	0.013722127
Prevotella.02	0.020886076	0	0.001750592	0.025014476	0.022803738	0.001615509	0	0.032424466	0.017320261	0.006793703	0.014647137	0.021726862	0.058394161	0.03399915	0.028242075	0.076612903	0.030656934	0.017647059	0.011887073	0.021153528	0.037228161	0.024059493	0	0.029324759	0.033218964	0.002897751	0	0.030780243	0.000247097	0	0	0	0	0.017573505	0.046044099	0.032614413	0.099244332	0.020408163	0.0205864	0.012789116	0.025837321	0.032632949	0.022511587	0.031971581	0.035986159	0.034557823	0	0.036742192	0.017241379	0.07890572	0.001641737	0.009278351	0.01488498	0.00462963	0.012006861
Prevotella.03	0.004113924	0	0.00205952	0.008338159	0.008598131	0.000230787	0.000227015	0.013510194	0.007189542	0.001822701	0.00665779	0.007900677	0.01194426	0.01041224	0.008069164	0.014112903	0.013138686	0.011764706	0.004457652	0.037183937	0.007740509	0.00656168	0	0.00926045	0.004366812	0	0	0.004294918	0	0.005940594	0	0.001834862	0.004769475	0.010814464	0.011673152	0.017885324	0.010327456	0.001457726	0.006550218	0.002993197	0.00861244	0.019338044	0.00728316	0.012433393	0.006228374	0.013061224	0.000178158	0.007348438	0	0.024417816	0.019153594	0.001546392	0.0067659	0.03587963	0.00971984
Prevotella.04	0	0	0.000926784	0.003821656	0.016074766	0.00461574	0	0.005895357	0.004656863	0.001159901	0.001331558	0.000846501	0.01128069	0.004462388	0.017291066	0.038306452	0.010218978	0.007843137	0.00371471	0.021814576	0.002457304	0.00656168	0	0.002700965	0.006394261	0.009383193	0.000190949	0.004294918	0	0.007920792	0.002570694	0	0.001589825	0.005407232	0.007782101	0.009468701	0.014357683	0.117346939	0.003950925	0.002993197	0.003827751	0.004927482	0.008607371	0.001776199	0.004152249	0.006258503	0.005701051	0.004286589	0.001915709	0.00768709	0.012951478	0.014948454	0.0067659	0.008101852	0.018296169
Prevotella.05	0	0	0.000308928	0.001505501	0.001869159	0	0	0.003438958	0.001960784	0.001159901	0	0	0.00132714	0.000424989	0.002881844	0	0.008759124	0.003921569	0	0.039001818	0.000982922	0.000437445	0	0	0.001091703	0	0	0.00071582	0	0	0	0	0	0	0.001945525	0.000526039	0	0.006559767	0.000103972	0.000408163	0.000956938	0.001208628	0	0	0.002076125	0.001088435	0	0	0.001915709	0.002939182	0.00036483	0.002061856	0.00541272	0.001157407	0
Prevotella.06	0.001265823	0	0	0	0.009345794	0	0	0.00049128	0	0	0.001331558	0	0.00066357	0.001487463	0.001729107	0	0	0.007843137	0.000742942	0.000330524	0.001842978	0.001749781	0	0	0	0.000413964	0.006301318	0.00071582	0	0	0	0	0	0.00506928	0.001297017	0.001578117	0.011335013	0	0.001351632	0.000544218	0	0.004462626	0.000441404	0	0.002076125	0.002176871	0.000534474	0.00122474	0.003831418	0.001582636	0	0	0.00135318	0.001157407	0.003430532
Prevotella.07	0	0	0	0.000579039	0.000747664	0	0	0.001719479	0.000326797	0.0003314	0.001331558	0	0.00199071	0.000212495	0.004034582	0	0	0	0	0.007106263	0.000122865	0.002187227	0	0.000643087	0.000155958	0	0	0.001431639	0	0	0	0	0.0063593	0.001013856	0.000648508	0.000526039	0.001511335	0	0.002183406	0	0	0.001115656	0.000662105	0	0	0.001360544	0.000178158	0.00061237	0.005747126	0	0.002371397	0	0.00270636	0	0.001715266
Prevotella.08	0.001265823	0	0.000308928	0.000694847	0.001121495	0	0	0.00073692	0.000326797	0.0001657	0.003994674	0.000564334	0.00132714	0.000637484	0	0	0	0	0	0.008593621	0.000614326	0.000874891	0	0	0.002963194	0	0	0.00071582	0	0	0	0	0	0.001351808	0	0.000526039	0.001007557	0	0.000727802	0.000272109	0.001913876	0	0.000220702	0	0	0.001632653	0	0	0	0.003391363	0.001641737	0	0	0	0
Prevotella.09	0	0	0.000102976	0.001273885	0	0.005308101	0	0.00049128	0.000735294	0	0.001331558	0	0.00066357	0.000849979	0	0	0	0	0.001485884	0.000165262	0.000122865	0	0	0.001286174	0.000311915	0.008417276	0	0	0	0	0.002570694	0	0	0	0	0	0	0	0.000415887	0	0	0.001022685	0.001765615	0	0.001384083	0.000544218	0	0	0	0	0	0	0	0	0
Prevotella.10	0	0	0	0.000347423	0.002616822	0	0	0.00073692	8.17E-05	0.0001657	0	0	0	0.000424989	0	0	0.002919708	0	0.007429421	0.000165262	0.000368596	0	0	0	0.001871491	0	0	0	0	0	0	0	0	0	0.001297017	0.001052078	0	0	0.000831774	0.000272109	0	0.004276683	0.002648422	0	0	0.001088435	0	0	0	0.000678273	0	0	0	0.001157407	0.004002287
Propionibacterium.01	0.142721519	0.365806273	0.229739471	0.084887087	0.026168224	0.146318948	0.29307605	0.031441906	0.118137255	0.16072908	0.114513981	0.161681716	0.060384871	0.108159796	0.18962536	0.024193548	0.15620438	0.168627451	0.368499257	0.054866964	0.082934021	0.042432196	0.408360129	0.021350482	0.161883968	0.01255692	0.055757113	0.125268432	0.483568075	0.164356436	0.272493573	0.368807339	0.109697933	0.123014532	0.061608301	0.055760126	0.034005038	0.014577259	0.108442504	0.09755102	0.284210526	0.015898103	0.145663209	0.081705151	0.080968858	0.135510204	0.109032603	0.09491733	0.093869732	0.011756726	0.027727107	0.177835052	0.124492558	0.033564815	0.204688393
Propionibacterium.02	0	0	0	0.000347423	0	0.004384953	0.006583428	0.00024564	0.000571895	0.0003314	0	0	0.00066357	0.001062473	0	0	0.001459854	0	0	0.000330524	0	0.000874891	0.002756086	0	0.001091703	0.009245205	0.010311247	0.00071582	0.000247097	0	0	0	0.001589825	0.003041568	0.000648508	0	0.000755668	0	0.000519859	0.002040816	0	0	0.001986316	0	0.001384083	0	0.02316052	0.00061237	0.001915709	0.000678273	0.001459321	0	0	0.003472222	0.002287021
Pseudomonas.01	0.006329114	0.015265057	0.013489857	0.004053272	0.001869159	0.001384722	0.002270148	0.00049128	0.004084967	0.004308202	0.003994674	0.017776524	0.00132714	0.005312367	0.00518732	0	0	0.007843137	0	0.001983143	0.002457304	0.003062117	0.011483693	0.001414791	0.007797879	0	0	0.010737294	0.006671609	0.003960396	0.015424165	0.020183486	0	0.011152416	0.001297017	0	0	0.000728863	0.004886671	0.001768707	0.009569378	9.30E-05	0.002869124	0.001776199	0.003460208	0.003809524	0.005166578	0.003061849	0.005747126	0.000226091	0.000729661	0.015979381	0.00541272	0.00462963	0.003430532
Pseudomonas.02	0.012974684	0.00471829	0.001853568	0.001737116	0.001121495	0.002769444	0.000681044	0	0.002696078	0.005136703	0	0.000282167	0.00199071	0.002124947	0.006916427	0.004032258	0.005839416	0.001960784	0.005943536	0.001322096	0.00024573	0.001312336	0.000459348	0	0.001871491	0	0	0.002863278	0.003953546	0.003960396	0	0.003669725	0.009538951	0.001013856	0.003242542	0.002104156	0.001511335	0	0.002807236	0.008843537	0.001913876	0.001766456	0.004193335	0	0.000692042	0.001904762	0.004275788	0.004898959	0	0.000678273	0.00036483	0.004123711	0.0202977	0.001157407	0.005145798
Ralstonia.01	0.059810127	0.070774355	0.232622799	0.05269253	0.034392523	0.135010385	0.001816118	0.018668632	0.082107843	0.066942833	0.03861518	0.061794582	0.092899801	0.096472588	0.042651297	0.016129032	0.067153285	0.066666667	0.02526003	0.087423566	0.219191547	0.3223972	0.262746899	0.001414791	0.084529008	0.299848213	0.449493985	0.085898354	0.028663207	0.102970297	0.082262211	0.089908257	0.027027027	0.021290977	0.102464332	0.183061547	0.019899244	0.035714286	0.040029112	0.029659864	0.041148325	0.027426553	0.06267932	0.131438721	0.123183391	0.113197279	0.248708356	0.04531537	0.076628352	0.016730726	0.048887267	0.048453608	0.039242219	0.077546296	0.038307604
Rhizobium.01	0.002531646	0.000832639	0.000720832	0.001505501	0	0	0	0.00024564	0.000653595	0.0003314	0	0.002257336	0	0.000849979	0	0	0.001459854	0.001960784	0	0.000661048	0.001720113	0.000874891	0	0.000643087	0.000155958	0.000137988	0.001145694	0	0	0.001980198	0.002570694	0	0	0	0	0	0.000503778	0	0.000103972	0	0	0	0	0	0.000692042	0.000272109	0.006769998	0	0.001915709	0	0.00036483	0.002061856	0.00270636	0	0.001143511
Selenomonas.01	0.011392405	0.000277546	0.00051488	0.01806601	0.013084112	0	0.000227015	0.034635225	0.014215686	0.008285004	0.00665779	0.006489842	0.00995355	0.012112197	0	0.002016129	0.005839416	0	0.001485884	0.014708313	0.012777983	0.009623797	0	0	0.00452277	0.000137988	0	0.011453114	0.000247097	0	0	0	0.00317965	0.004731328	0.012970169	0.009468701	0.006549118	0	0.012164691	0.00707483	0.002870813	0.004183711	0.002869124	0.021314387	0.011072664	0.013333333	0.000178158	0.011635028	0	0.009495817	0.001276906	0.009793814	0	0.00462963	0.004002287
Selenomonas.02	0.005063291	0	0.000102976	0.008222351	0.008971963	0.002538657	0	0.016703513	0.005882353	0.001657001	0	0.002257336	0.00597213	0.00318742	0	0.004032258	0	0.003921569	0	0.003305239	0.00540607	0.004374453	0	0	0.005926388	0.004967573	0	0.007874016	0	0	0	0	0.00317965	0.001013856	0.005188067	0.004208311	0.007052897	0.002186589	0.005822416	0.00244898	0	0.004648568	0.004634738	0.001776199	0.006920415	0.005442177	0.000178158	0.007960808	0	0.002487	0.000729661	0.003608247	0.00811908	0.001157407	0.000571755
Selenomonas.03	0.001898734	0	0	0.004979734	0.004859813	0	0.000227015	0.006386637	0.003513072	0.001988401	0.002663116	0.000282167	0.00331785	0.001912452	0.000576369	0	0	0.001960784	0.000742942	0.003305239	0.00307163	0.003062117	0	0	0.001247661	0	0	0.002147459	0	0	0	0	0	0.000337952	0.001297017	0.002630195	0.002015113	0.001457726	0.001455604	0.001496599	0.001913876	0.001115656	0.000220702	0	0.001384083	0.002176871	0	0.00183711	0	0.001808727	0.001459321	0	0.00135318	0.00462963	0.000571755
Solobacterium.01	0.007594937	0.000277546	0.000617856	0.003821656	0.004859813	0.010385414	0	0.004421518	0.004738562	0.003976802	0.003994674	0.00282167	0.0066357	0.00361241	0.000576369	0.014112903	0.004379562	0	0.009658247	0.002478929	0.001597248	0.003499563	0	0	0.004210855	0.019870291	0	0.005010737	0.00148258	0	0	0	0	0.012504224	0.004539559	0.00473435	0.012342569	0.000728863	0.002495321	0.003129252	0.002870813	0.009204165	0.002648422	0.003552398	0	0.001904762	0.000890789	0.00183711	0	0.013565453	0.018606348	0.000515464	0.00811908	0.02662037	0.007432819
Staphylococcus.01	0.031329114	0.036913683	0.116465863	0.01910828	0.01046729	0.017309024	0.016345062	0.013510194	0.032679739	0.030820215	0.026631158	0.021444695	0.01526211	0.011262218	0.020172911	0.004032258	0.005839416	0.01372549	0.014858841	0.008758883	0.011917926	0.008311461	0.033073036	0.003086817	0.011384903	0.002069822	0.066832156	0.017179671	0.030392884	0.017821782	0.007712082	0.03853211	0.012718601	0.018925313	0.011673152	0.011572856	0.005037783	0	0.029839884	0.011836735	0.020095694	0.003904797	0.017656147	0.010657194	0.012456747	0.010884354	0.018528416	0.015921617	0.013409962	0.002034818	0.003648304	0.013402062	0.01894452	0.009259259	0.017152659
Streptococcus.01	0.046518987	0.034693311	0.013283905	0.066357846	0.110280374	0.037618278	0.000681044	0.09137804	0.050980392	0.057497929	0.059920107	0.077595937	0.077637691	0.063960901	0.118731988	0.0625	0.087591241	0.094117647	0.060921248	0.059494298	0.045951591	0.064741907	0.002296739	0.064051447	0.043356207	0.051055609	0.002291388	0.060844667	0.023227082	0.122772277	0.035989717	0.031192661	0.114467409	0.088205475	0.058365759	0.103629669	0.175062972	0.20335277	0.064982325	0.048707483	0.081339713	0.12941614	0.072831605	0.055062167	0.057439446	0.060408163	0.009798682	0.067973056	0.141762452	0.071896903	0.169646115	0.062886598	0.094722598	0.177083333	0.084619783
Sulfuricurvum.01	0.001898734	0.002497918	0.000617856	0.000231616	0.000747664	0	0	0	0.000571895	0.003645402	0.002663116	0	0.00066357	0.001274968	0	0	0	0.001960784	0	0.001322096	0.000860057	0.000874891	0	0	0	0	0	0.00071582	0.003953546	0	0.002570694	0.005504587	0	0	0	0.001052078	0.000503778	0	0.00062383	0.000272109	0.001913876	0	0.000662105	0	0.000692042	0.001088435	0	0.00122474	0	0	0.00036483	0	0.00135318	0	0
Tannerella.01	0.001898734	0	0	0	0.001121495	0	0	0	0.000163399	0	0	0	0.00066357	0.001274968	0.001152738	0.030241935	0	0	0.002228826	0.000330524	0	0	0	0.000771704	0.000155958	0	0	0	0	0	0	0	0	0	0.000648508	0.00473435	0.001511335	0.002915452	0.000103972	0	0	0.005392339	0.000662105	0	0	0.000816327	0	0	0	0.000904364	0.000547246	0	0	0.003472222	0.002858776
TM7_genus_incertae_sedis.01	0.043037975	0.001387732	0.002986304	0.055240301	0.049345794	0.005538888	0.000908059	0.049373618	0.040931373	0.025352113	0.018641811	0.022291196	0.055739881	0.055461113	0.009221902	0.006048387	0.01459854	0.019607843	0.008172363	0.062469013	0.054920752	0.060804899	0.000459348	0.075755627	0.037117904	0.007037395	0.053465725	0.040801718	0.005683222	0.005940594	0	0	0.033386328	0.036160865	0.075226978	0.043135192	0.027959698	0.001457726	0.073819921	0.055510204	0.012440191	0.010598736	0.025822114	0.065719361	0.056747405	0.053605442	0.012292892	0.055725658	0.005747126	0.056296631	0.002188982	0.034536082	0.037889039	0.023148148	0.016009148
TM7_genus_incertae_sedis.02	0.012658228	0.002497918	0.009061889	0.0134337	0.004859813	0.104315717	0.098978434	0.002210759	0.025163399	0.02071251	0.002663116	0.023137698	0.01725282	0.014662133	0.012103746	0.004032258	0.01459854	0.009803922	0.000742942	0.012394646	0.014006635	0.010498688	0	0	0.04382408	0.122119498	0.011838839	0.017179671	0.007165802	0	0	0.001834862	0	0.001351808	0.010376135	0.008942662	0.007052897	0.002915452	0.026200873	0.049115646	0.006698565	0.002231313	0.009490179	0.003552398	0.018685121	0.008435374	0.006413683	0.011022658	0.011494253	0.001582636	0.002918643	0.026804124	0.01894452	0.001157407	0.021154946
TM7_genus_incertae_sedis.03	0.009810127	0	0.00102976	0.015286624	0.016448598	0	0.000227015	0.019159912	0.009313725	0.004971002	0.015978695	0.01721219	0.01725282	0.013174671	0.006340058	0.004032258	0.013138686	0.01372549	0.008172363	0.012890431	0.020272761	0.015748031	0	0.017106109	0.016531503	0	0	0.016463851	0	0	0	0	0.0063593	0.030077729	0.017509728	0.015781168	0.010579345	0.005830904	0.02599293	0.009115646	0.022966507	0.03068055	0.018538954	0.019538188	0.021453287	0.018503401	0	0.014696877	0.009578544	0.004747909	0.061473915	0.006185567	0.00811908	0.003472222	0.018296169
TM7_genus_incertae_sedis.04	0.007594937	0	0.000617856	0.017602779	0.014579439	0	0	0.020633751	0.013562092	0.014250207	0.003994674	0	0.02455209	0.022311942	0.001729107	0.002016129	0.005839416	0.001960784	0.004457652	0.013055693	0.0226072	0.014435696	0	0.018906752	0.007797879	0	0	0.012168933	0.003953546	0.005940594	0	0	0.004769475	0.01351808	0.026588846	0.018411362	0.005289673	0	0.028904138	0.011836735	0.003827751	0.005020454	0.006621055	0.014209591	0.022145329	0.017414966	0	0.022045315	0.007662835	0.002939182	0.00036483	0.005670103	0.01082544	0.002314815	0.00971984
TM7_genus_incertae_sedis.05	0.000316456	0	0.000926784	0.000926462	0.000373832	0.015693515	0	0	0.00122549	0.005136703	0.002663116	0.002257336	0.00132714	0.001699958	0.000576369	0	0	0	0	0.000495786	0.000860057	0	0	0	0.002807236	0.022216089	0.000381898	0	0.004694836	0	0	0.001834862	0	0.000675904	0	0.001052078	0.001259446	0	0.001975463	0.000544218	0	0	0.003751931	0	0.000692042	0	0	0.004898959	0	0.000226091	0.000182415	0.001030928	0	0	0
TM7_genus_incertae_sedis.06	0.002531646	0	0	0.000810654	0.002242991	0	0	0.002210759	0.000490196	0.0008285	0.003994674	0.000282167	0.00066357	0.001487463	0.000576369	0	0	0	0	0.002148405	0.006020396	0.001312336	0	0.000771704	0.000467873	0	0	0	0	0	0	0	0	0.001013856	0.001945525	0.001578117	0	0	0.004366812	0.000680272	0	0	0	0	0.002768166	0.001088435	0	0.006123699	0	0	0.000547246	0	0	0	0
TM7_genus_incertae_sedis.07	0.001582278	0	0	0.000694847	0.000373832	0	0	0	0	0	0.002663116	0	0	0.000849979	0	0.008064516	0	0.009803922	0.000742942	0.000165262	0.000368596	0	0	0	0.005302558	0	0	0.005726557	0	0	0	0	0	0.000337952	0.000648508	0	0.001259446	0.002186589	0.00062383	0.000544218	0	0.006600967	0.001103509	0	0.000692042	0	0	0.00061237	0	0	0.001094491	0	0	0	0
TM7_genus_incertae_sedis.08	0	0	0.00102976	0.000694847	0.000747664	0.001384722	0.000227015	0.00024564	0.001715686	0.0006628	0	0.001128668	0	0.001699958	0	0	0	0	0	0.000330524	0.000737191	0.001312336	0	0	0.001403618	0.001517869	0.001336643	0.001431639	0.000494193	0	0	0	0	0	0	0.000526039	0.000503778	0	0.001871491	0.002857143	0	0	0	0	0.002076125	0	0	0.002449479	0	0.000226091	0	0.00257732	0.00270636	0	0.000571755
Treponema.01	0.002848101	0	0	0.000926462	0.000747664	0	0	0.001473839	0.000653595	0.0001657	0.001331558	0	0.00132714	0.001062473	0.000576369	0.004032258	0.008759124	0.003921569	0.004457652	0.000495786	0.000368596	0.001312336	0	0.000128617	0.000155958	0	0	0.00071582	0	0	0	0	0	0	0.001297017	0	0.003778338	0.000728863	0.000831774	0.000816327	0.003827751	0.020360729	0.002648422	0.001776199	0.000692042	0.000816327	0	0.00061237	0	0.002034818	0	0	0.00135318	0.005787037	0.005145798
Tropheryma.01	0	0	0	0.000347423	0	0	0	0	0.000980392	0	0	0	0.00066357	0.000212495	0	0	0	0	0	0.000330524	0.018184052	0	0	0	0	0	0	0.001431639	0.000988386	0	0	0	0	0	0.000648508	0.001578117	0	0	0.000207943	0.000272109	0	0	0	0	0.001384083	0.000544218	0	0	0	0	0	0	0	0	0
Veillonella.01	0.008227848	0.000277546	0.000205952	0.015981471	0.031401869	0.00692361	0	0.030950626	0.013643791	0.007622204	0.007989348	0.009593679	0.0132714	0.010624734	0.009798271	0.024193548	0.011678832	0.003921569	0.012630015	0.019666171	0.007863374	0.007874016	0	0.002958199	0.008421709	0	0.001336643	0.014316392	0.003212256	0.007920792	0	0	0.00317965	0.022304833	0.01232166	0.011572856	0.029722922	0.032069971	0.0102932	0.01170068	0.006698565	0.030122722	0.00838667	0.017761989	0.011764706	0.014421769	0.000712631	0.017758726	0	0.05087045	0.053265232	0.008762887	0.0135318	0.059027778	0.01943968
Veillonella.02	0.000316456	0	0	0.000463231	0	0	0	0.00098256	0.000735294	0	0.001331558	0.000282167	0	0.000212495	0.001152738	0	0	0.001960784	0	0.001322096	0.00024573	0	0	0.000514469	0.000779788	0	0	0.00071582	0	0	0	0	0.004769475	0	0.002594034	0.000526039	0.001259446	0.000728863	0.000103972	0.000816327	0	0.000557828	0.001544913	0	0	0.000544218	0.000356316	0	0.005747126	0.004747909	0.000729661	0.001546392	0	0.003472222	0
